100.0   4.3 100.0   4.3 100.0  13.0 108.7  17.4 113.0  26.1 121.7  43.5 121.7  43.5 126.1  43.5
100.0   0.0 100.0   5.0 100.0  15.0 100.0  20.0 100.0  35.0 105.0  50.0 105.0  55.0 125.0  65.0
100.0  22.2 100.0  22.2 100.0  38.9 111.1  50.0 138.9  61.1 150.0  66.7 150.0  83.3 166.7  88.9
100.0  21.1 100.0  26.3 100.0  31.6 105.3  42.1 115.8  57.9 115.8  63.2 115.8  68.4 126.3  68.4
109.5  23.8 119.0  28.6 123.8  38.1 133.3  52.4 161.9  57.1 171.4  57.1 171.4  61.9 195.2  66.7
100.0  30.8 100.0  30.8 107.7  46.2 107.7  46.2 115.4  53.8 115.4  61.5 138.5  76.9 161.5  92.3
100.0  17.4 100.0  21.7 100.0  39.1 100.0  39.1 100.0  47.8 100.0  47.8 108.7  60.9 117.4  65.2
100.0  42.1 100.0  47.4 105.3  63.2 105.3  68.4 110.5  68.4 115.8  73.7 121.1  73.7 136.8  73.7
100.0   7.4 100.0  11.1 100.0  11.1 100.0  22.2 100.0  33.3 100.0  40.7 100.0  55.6 107.4  63.0
100.0   9.1 100.0   9.1 100.0  22.7 100.0  27.3 100.0  36.4 100.0  45.5 109.1  63.6 127.3  77.3
100.0  17.6 100.0  29.4 111.8  29.4 111.8  29.4 135.3  41.2 135.3  47.1 147.1  52.9 152.9  58.8
100.0  16.7 100.0  22.2 100.0  33.3 100.0  38.9 105.6  44.4 111.1  55.6 133.3  66.7 150.0  72.2
100.0  11.1 100.0  16.7 100.0  27.8 105.6  44.4 105.6  55.6 122.2  72.2 144.4  77.8 150.0  77.8
100.0  25.0 100.0  29.2 100.0  37.5 116.7  58.3 150.0  75.0 166.7  83.3 175.0  87.5 175.0  91.7
100.0   0.0 100.0   0.0 100.0   0.0 109.1   0.0 127.3   4.5 154.5   9.1 181.8  36.4 218.2  40.9



set of thresholds is: 1   2   5  10  20  30  40  50
[TPR,TNR,(3*TPR+TNR)/4] pairs of results (averaged over datasets, one pair per threshold):

mean
100.6 101.3 103.2 107.6 118.6 125.7 134.9 149.1
16.6 20.3 29.8 37.1 46.5 54.5 64.3 69.7
79.6  81.0  84.9  90.0 100.6 107.9 117.2 129.2

median
100.0 100.0 100.0 105.6 113.0 115.8 133.3 150.0
17.4 22.2 31.6 39.1 47.8 55.6 63.6 68.4
79.3  80.6  83.3  89.5  96.6 102.6 116.7 129.4
